Applied Optics
Vol. 23, Issue 4, pp. 541-547 (1984) 
https://doi.org/10.1364/AO.23.000541
Optical properties of NH3 ice from the far infrared to the near ultraviolet
John V. Martonchik, Glenn S. Orton, and John F. Appleby
Table I
Optical Constants for Solid Ammonia
cm−1	nr	ni
50.0	1.829	1.592E-02
60.0	1.853	1.857E-02
70.0	1.942	3.410E-02
73.0	1.976	1.403E-01
76.0	1.935	2.464E-01
79.0	1.775	3.526E-01
80.0	1.709	2.785E-01
83.3	1.653	1.886E-01
86.7	1.635	9.874E-02
90.0	1.676	8.842E-03
100.0	1.773	7.958E-03
110.0	1.819	1.157E-02
120.0	1.867	2.984E-02
123.3	1.888	4.438E-02
126.7	1.911	5.892E-02
130.0	1.968	7.346E-02
133.0	2.001	1.921E-01
136.0	1.956	3.107E-01
139.0	1.800	4.294E-01
140.0	1.721	3.922E-01
143.3	1.612	2.756E-01
146.7	1.581	1.590E-01
150.0	1.628	4.244E-02
160.0	1.739	3.979E-02
170.0	1.783	4.213E-02
173.3	1.794	5.609E-02
176.7	1.796	7.004E-02
180.0	1.783	8.400E-02
183.3	1.770	6.856E-02
186.7	1.771	5.313E-02
190.0	1.783	3.769E-02
200.0	1.816	3.979E-02
210.0	1.838	4.168E-02
220.0	1.862	4.341E-02
230.0	1.889	4.844E-02
240.0	1.918	5.968E-02
243.3	1.927	6.525E-02
246.7	1.935	7.082E-02
250.0	1.945	7.639E-02
252.3	1.951	8.602E-02
254.7	1.951	9.565E-02
257.0	1.941	1.053E-01
258.0	1.934	9.875E-02
259.0	1.933	9.223E-02
260.0	1.935	8.570E-02
270.0	1.979	5.010E-02
280.0	2.052	4.547E-02
290.0	2.138	5.488E-02
300.0	2.242	7.958E-02
310.0	2.385	1.155E-01
320.0	2.580	2.114E-01
330.0	2.818	4.099E-01
340.0	3.107	7.724E-01
343.3	3.207	1.045E+00
346.7	3.226	1.318E+00
350.0	3.240	1.592E+00
353.3	3.177	2.019E+00
356.7	2.950	2.446E+00
360.0	2.516	2.874E+00
361.0	2.331	2.939E+00
362.0	2.149	3.004E+00
363.0	1.917	3.069E+00
365.3	1.477	2.906E+00
367.7	1.190	2.744E+00
370.0	0.958	2.581E+00
373.3	0.703	2.321E+00
376.7	0.529	2.061E+00
380.0	0.431	1.801E+00
383.3	0.377	1.602E+00
386.7	0.339	1.403E+00
390.0	0.353	1.204E+00
393.3	0.385	1.088E+00
396.7	0.398	9.716E-01
400.0	0.425	8.555E-01
410.0	0.520	6.017E-01
420.0	0.629	4.358E-01
430.0	0.715	3.331E-01
440.0	0.803	2.170E-01
450.0	0.900	1.662E-01
460.0	0.976	1.332E-01
470.0	1.036	1.185E-01
480.0	1.083	1.028E-01
490.0	1.127	9.095E-02
500.0	1.172	8.276E-02
510.0	1.227	8.270E-02
513.3	1.248	9.849E-02
516.7	1.262	1.143E-01
520.0	1.276	1.301E-01
523.3	1.284	1.618E-01
526.7	1.277	1.935E-01
530.0	1.254	2.252E-01
540.0	1.164	1.916E-01
560.0	1.170	1.023E-01
580.0	1.204	6.860E-02
600.0	1.229	4.642E-02
620.0	1.257	2.567E-02
640.0	1.286	1.741E-02
660.0	1.310	1.567E-02
680.0	1.325	1.755E-02
700.0	1.337	1.478E-02
720.0	1.350	1.216E-02
740.0	1.361	8.603E-03
760.0	1.375	7.330E-03
780.0	1.387	9.182E-03
800.0	1.395	1.094E-02
820.0	1.405	8.249E-03
840.0	1.416	7.579E-03
860.0	1.427	6.940E-03
870.0	1.433	6.860E-03
880.0	1.439	6.782E-03
890.0	1.446	6.259E-03
900.0	1.454	6.189E-03
910.0	1.462	6.121E-03
920.0	1.471	6.055E-03
930.0	1.481	5.990E-03
940.0	1.493	6.349E-03
950.0	1.506	7.120E-03
960.0	1.522	7.875E-03
970.0	1.540	9.024E-03
980.0	1.563	1.137E-02
990.0	1.590	1.527E-02
1000.0	1.628	1.592E-02
1010.0	1.682	2.364E-02
1020.0	1.760	3.745E-02
1023.3	1.796	4.557E-02
1026.7	1.838	5.369E-02
1030.0	1.897	6.181E-02
1033.3	1.967	9.222E-02
1036.7	2.048	1.226E-01
1040.0	2.191	1.530E-01
1043.3	2.339	3.294E-01
1046.7	2.458	5.057E-01
1050.0	2.793	6.821E-01
1052.3	2.928	1.459E+00
1054.7	2.572	2.235E+00
1057.0	1.373	3.011E+00
1058.0	0.681	2.508E+00
1059.0	0.419	2.005E+00
1060.0	0.476	1.501E+00
1063.3	0.605	1.249E+00
1066.7	0.535	9.963E-01
1070.0	0.526	7.437E-01
1073.3	0.552	5.818E-01
1076.7	0.578	4.198E-01
1080.0	0.654	2.579E-01
1083.3	0.744	1.963E-01
1086.7	0.805	1.346E-01
1090.0	0.882	7.301E-02
1100.0	1.028	7.234E-02
1110.0	1.082	5.520E-02
1120.0	1.129	2.487E-02
1130.0	1.175	1.831E-02
1140.0	1.204	1.955E-02
1150.0	1.225	1.384E-02
1160.0	1.244	1.509E-02
1180.0	1.270	1.281E-02
1200.0	1.289	1.194E-02
1220.0	1.301	1.109E-02
1240.0	1.313	7.701E-03
1260.0	1.322	4.421E-03
1280.0	1.335	4.974E-03
1300.0	1.343	6.121E-03
1320.0	1.351	7.837E-03
1350.0	1.361	1.002E-02
1370.0	1.366	1.336E-02
1390.0	1.371	1.889E-02
1400.0	1.370	2.558E-02
1420.0	1.362	2.073E-02
1440.0	1.362	1.824E-02
1460.0	1.369	1.254E-02
1500.0	1.374	2.122E-02
1550.0	1.382	1.694E-02
1560.0	1.387	1.938E-02
1570.0	1.391	2.382E-02
1580.0	1.392	3.425E-02
1590.0	1.385	4.254E-02
1600.0	1.378	4.178E-02
1620.0	1.371	4.224E-02
1630.0	1.369	4.247E-02
1640.0	1.366	4.852E-02
1650.0	1.342	6.270E-02
1660.0	1.325	2.301E-02
1670.0	1.339	4.289E-03
1680.0	1.352	2.842E-03
1690.0	1.358	2.825E-03
1700.0	1.362	3.043E-03
1750.0	1.373	2.728E-03
1800.0	1.380	2.874E-03
1850.0	1.387	6.452E-03
1890.0	1.383	1.389E-02
1900.0	1.381	1.256E-02
2000.0	1.385	3.183E-03
2100.0	1.390	1.705E-03
2200.0	1.394	1.266E-03
2300.0	1.398	6.920E-04
2400.0	1.401	6.631E-04
2500.0	1.404	6.366E-04
2600.0	1.406	6.121E-04
2700.0	1.409	5.895E-04
2800.0	1.412	5.684E-04
2900.0	1.417	5.488E-04
2950.0	1.419	6.744E-04
3000.0	1.423	9.284E-04
3050.0	1.428	1.305E-03
3100.0	1.434	2.310E-03
3120.0	1.437	2.806E-03
3140.0	1.441	3.295E-03
3160.0	1.446	4.281E-03
3180.0	1.454	5.756E-03
3200.0	1.462	1.616E-02
3220.0	1.458	2.125E-02
3240.0	1.469	2.358E-02
3260.0	1.479	3.662E-02
3270.0	1.480	4.867E-02
3280.0	1.477	5.580E-02
3300.0	1.470	5.787E-02
3310.0	1.476	5.289E-02
3320.0	1.489	5.034E-02
3330.0	1.511	5.018E-02
3340.0	1.551	5.242E-02
3350.0	1.647	6.651E-02
3360.0	1.789	2.368E-01
3362.3	1.821	3.706E-01
3364.7	1.782	5.044E-01
3367.0	1.638	6.381E-01
3367.3	1.626	5.987E-01
3367.7	1.633	5.592E-01
3368.0	1.622	5.198E-01
3368.7	1.681	5.669E-01
3369.3	1.682	6.141E-01
3370.0	1.678	6.612E-01
3371.3	1.634	7.946E-01
3372.7	1.516	9.280E-01
3374.0	1.267	1.061E+00
3376.0	0.948	8.331E-01
3378.0	0.832	6.049E-01
3380.0	0.850	3.767E-01
3383.3	0.922	2.668E-01
3386.7	0.951	1.569E-01
3390.0	1.024	4.695E-02
3400.0	1.177	9.596E-03
3440.0	1.313	6.940E-03
3500.0	1.351	4.547E-03
3540.0	1.361	5.395E-03
3600.0	1.372	1.105E-03
3700.0	1.382	1.398E-03
3800.0	1.387	1.047E-03
3900.0	1.391	8.162E-04
4000.0	1.393	4.974E-04
4100.0	1.396	5.046E-04
4200.0	1.398	5.305E-04
4300.0	1.400	1.536E-03
4400.0	1.403	2.170E-03
4460.0	1.403	1.303E-02
4470.0	1.393	1.620E-02
4480.0	1.390	4.085E-03
4500.0	1.394	1.768E-03
4600.0	1.399	3.287E-04
4700.0	1.401	3.386E-04
4800.0	1.402	3.979E-04
4900.0	1.404	1.137E-03
5000.0	1.400	6.207E-03
5100.0	1.401	4.213E-04
5200.0	1.402	4.438E-04
5300.0	1.403	2.402E-04
5400.0	1.404	1.474E-04
5500.0	1.404	1.157E-04
5600.0	1.405	7.105E-05
5800.0	1.405	6.860E-05
6000.0	1.406	1.857E-04
6100.0	1.406	2.218E-04
6200.0	1.407	1.155E-04
6300.0	1.407	6.316E-05
6400.0	1.408	1.368E-04
6500.0	1.407	2.693E-04
6600.0	1.407	2.653E-04
6700.0	1.407	1.306E-04
6800.0	1.408	8.192E-05
6840.0	1.408	5.817E-05
14976.7	1.423	3.963E-05
23113.3	1.449	2.109E-05
31250.0	1.488	2.546E-06
33333.0	1.505	2.387E-06
35714.0	1.517	2.228E-06
38462.0	1.544	2.069E-06
41667.0	1.582	1.910E-06
46729.0	1.677	1.703E-06
47619.0	1.707	1.671E-06
50000.0	1.792	1.592E-06
50633.0	1.823	3.143E-05
51282.0	1.870	7.759E-05
52632.0	2.010	1.210E-03
53192.0	2.143	1.257E-02
54054.0	2.251	2.944E-01
55556.0	2.082	6.589E-01
58824.0	1.739	6.683E-01
66667.0	1.522	5.897E-01
71429.0	1.548	5.504E-01