1000.   100.00   0.28 0.0 0.100E+06  0.00  1.00  1.00  Teff, grav(MKS), Y, f_sed, kz_min, [Fe/H], C/O, f_hole
  1   0.0001778    418.76 1.8118E+04  0.0000  0.0000 1.2059E-08
  2   0.0002050    420.00 1.9887E+04  0.2987  0.0208 1.3859E-08
  3   0.0002363    421.70 2.2403E+04  0.2987  0.0284 1.5911E-08
  4   0.0002724    423.74 2.0823E+04  0.2987  0.0340 1.8252E-08
  5   0.0003139    426.04 1.9812E+04  0.2987  0.0381 2.0925E-08
  6   0.0003619    428.57 1.9237E+04  0.2987  0.0417 2.3977E-08
  7   0.0004171    431.33 1.8818E+04  0.2986  0.0452 2.7461E-08
  8   0.0004808    434.32 1.8476E+04  0.2986  0.0485 3.1437E-08
  9   0.0005542    437.51 1.8178E+04  0.2986  0.0516 3.5972E-08
 10   0.0006388    440.92 1.7913E+04  0.2986  0.0546 4.1144E-08
 11   0.0007364    444.52 1.7671E+04  0.2985  0.0573 4.7041E-08
 12   0.0008488    448.31 1.7449E+04  0.2985  0.0598 5.3765E-08
 13   0.0009784    452.29 1.7244E+04  0.2985  0.0621 6.1430E-08
 14   0.0011278    456.42 1.7054E+04  0.2985  0.0640 7.0168E-08
 15   0.0013000    460.72 1.6876E+04  0.2984  0.0660 8.0126E-08
 16   0.0014985    465.18 1.6712E+04  0.2984  0.0678 9.1474E-08
 17   0.0017273    469.79 1.6561E+04  0.2984  0.0693 1.0441E-07
 18   0.0019910    474.51 1.6423E+04  0.2983  0.0705 1.1915E-07
 19   0.0022950    479.35 1.6298E+04  0.2983  0.0714 1.3596E-07
 20   0.0026454    484.30 1.6184E+04  0.2983  0.0723 1.5511E-07
 21   0.0030493    489.33 1.6081E+04  0.2983  0.0728 1.7696E-07
 22   0.0035148    494.48 1.5989E+04  0.2982  0.0736 2.0185E-07
 23   0.0040515    499.76 1.5905E+04  0.2982  0.0747 2.3021E-07
 24   0.0046701    505.19 1.5830E+04  0.2982  0.0761 2.6251E-07
 25   0.0053831    510.79 1.5763E+04  0.2981  0.0776 2.9927E-07
 26   0.0062050    516.58 1.5702E+04  0.2981  0.0793 3.4110E-07
 27   0.0071524    522.59 1.5649E+04  0.2981  0.0814 3.8866E-07
 28   0.0082445    528.85 1.5600E+04  0.2980  0.0838 4.4269E-07
 29   0.0095032    535.40 1.5557E+04  0.2980  0.0865 5.0405E-07
 30   0.0109542    542.25 1.5518E+04  0.2979  0.0896 5.7366E-07
 31   0.0126267    549.55 1.5483E+04  0.2979  0.0941 6.5247E-07
 32   0.0145546    557.32 1.5451E+04  0.2979  0.0989 7.4160E-07
 33   0.0167769    565.60 1.5423E+04  0.2978  0.1038 8.4231E-07
 34   0.0193384    574.41 1.5399E+04  0.2977  0.1087 9.5603E-07
 35   0.0222910    583.77 1.5378E+04  0.2977  0.1138 1.0843E-06
 36   0.0256945    593.72 1.5359E+04  0.2976  0.1190 1.2289E-06
 37   0.0296176    604.30 1.5344E+04  0.2975  0.1243 1.3918E-06
 38   0.0341397    615.61 1.5331E+04  0.2974  0.1305 1.5748E-06
 39   0.0393522    627.76 1.5319E+04  0.2973  0.1375 1.7801E-06
 40   0.0453606    640.78 1.5310E+04  0.2972  0.1445 2.0102E-06
 41   0.0522864    654.74 1.5302E+04  0.2970  0.1517 2.2677E-06
 42   0.0602696    669.72 1.5296E+04  0.2969  0.1591 2.5555E-06
 43   0.0694717    685.76 1.5291E+04  0.2967  0.1666 2.8768E-06
 44   0.0800788    702.91 1.5287E+04  0.2965  0.1739 3.2352E-06
 45   0.0923054    721.22 1.5284E+04  0.2963  0.1810 3.6344E-06
 46   0.1063989    740.82 1.5281E+04  0.2959  0.1887 4.0786E-06
 47   0.1226441    761.97 1.5279E+04  0.2956  0.1981 4.5709E-06
 48   0.1413697    784.67 1.5277E+04  0.2952  0.2067 5.1162E-06
 49   0.1629544    808.95 1.5276E+04  0.2948  0.2144 5.7205E-06
 50   0.1878347    835.25 1.5275E+04  0.2942  0.2252 6.3867E-06
 51   0.2165138    863.42 1.5273E+04  0.2936  0.2334 7.1214E-06
 52   0.2495717    893.17 1.5272E+04  0.2930  0.2385 7.9343E-06
 53   0.2876769    924.56 1.5270E+04  0.2921  0.2431 8.8353E-06
 54   0.3316001    958.28 1.5268E+04  0.2912  0.2521 9.8253E-06
 55   0.3822297    993.33 1.5265E+04  0.2902  0.2528 1.0923E-05
 56   0.4405895   1028.73 1.5264E+04  0.2892  0.2465 1.2153E-05
 57   0.5078598   1063.83 1.5263E+04  0.2880  0.2361 1.3543E-05
 58   0.5854011   1098.87 1.5263E+04  0.2869  0.2281 1.5113E-05
 59   0.6747816   1133.57 1.5264E+04  0.2858  0.2188 1.6888E-05
 60   0.7778090   1167.69 1.5264E+04  0.2845  0.2087 1.8899E-05
 61   0.8965668   1201.36 1.5265E+04  0.2833  0.2001 2.1177E-05
 62   1.0334569   1234.50 1.5266E+04  0.2821  0.1915 2.3756E-05
 63   1.1912477   1266.79 1.5267E+04  0.2810  0.1817 2.6680E-05
 64   1.3731305   1299.07 1.5268E+04  0.2798  0.1771 2.9988E-05
 65   1.5827835   1332.01 1.5268E+04  0.2786  0.1763 3.3711E-05
 66   1.8244469   1365.97 1.5269E+04  0.2774  0.1771 3.7894E-05
 67   2.1030081   1401.05 1.5269E+04  0.2762  0.1785 4.2587E-05
 68   2.4241006   1437.32 1.5270E+04  0.2749  0.1799 4.7852E-05
 69   2.7942185   1474.84 1.5271E+04  0.2735  0.1814 5.3756E-05
 70   3.2208468   1513.86 1.5272E+04  0.2721  0.1838 6.0364E-05
 71   3.7126138   1555.49 1.5275E+04  0.2707  0.1909 6.7716E-05
 72   4.2794651   1600.74 1.5279E+04  0.2692  0.2018 7.5850E-05
 73   4.9328647   1651.28 1.5288E+04  0.2673  0.2188 8.4762E-05
 74   5.6860269   1713.11 4.2101E+06  0.2652  0.2587 9.4193E-05
 75   6.5541839   1778.62 1.2112E+07  0.2629  0.2641 1.0461E-04
 76   7.5548933   1846.03 2.1101E+07  0.2601  0.2618 1.1620E-04
 77   8.7083935   1915.13 3.0941E+07  0.2570  0.2586 1.2914E-04
 78  10.0380131   1986.00 3.8499E+07  0.2542  0.2557 1.4358E-04
 79  11.5706423   2058.68 4.2798E+07  0.2507  0.2529 1.5969E-04
 80  13.3372773   2132.73 4.5673E+07  0.2464  0.2487 1.7768E-04
 81  15.3736465   2208.19 4.7355E+07  0.2425  0.2447 1.9778E-04
 82  17.7209338   2285.12 4.8709E+07  0.2386  0.2410 2.2023E-04
 83  20.4266108   2363.06 4.9983E+07  0.2327  0.2360 2.4538E-04
 84  23.5453974   2441.76 5.1054E+07  0.2274  0.2306 2.7359E-04
 85  27.1403683   2521.36 5.1965E+07  0.2228  0.2258 3.0523E-04
 86  31.2842284   2601.81 5.2760E+07  0.2170  0.2211 3.4071E-04
 87  36.0607835   2682.42 5.3421E+07  0.2109  0.2147 3.8055E-04
 88  41.5666352   2763.34 5.3978E+07  0.2056  0.2092 4.2528E-04
 89  47.9131342   2844.64 5.4450E+07  0.2007  0.2041 4.7554E-04
 90  55.2286328   2926.32 5.4855E+07  0.1955  0.1992 5.3202E-04
 91  63.6610802   3008.14 5.6702E+07  0.1905  0.1941 5.9553E-04
